# Created by Octave 6.4.0, Fri Dec 31 13:56:11 2021 -05 <pablo@pablo>
# name: all_theta
# type: matrix
# rows: 10
# columns: 401
 -3.3162428817710548 0 0 8.7933133775176741e-05 -0.00081255432132556376 -0.00088548680530491173 0.0014262566937064142 -0.017555027508304774 -0.0010600323778122457 0.00055952959543652161 0.00047397750483077218 6.9688113003966442e-05 0.00040276489085597304 0.0017947371398292303 0.0015475051588083768 0.0042650688706360115 0.0056122403937459856 0.00047300050504564463 -8.0087232521214286e-05 -8.9590723328301076e-08 0 -1.6195783069160725e-08 9.4779226316546421e-06 -0.0011161848902489669 0.0092470373241458331 0.010609148954826109 0.0020092497052490586 -0.02348781154142426 0.00011252199026184583 0.00071720710581318556 -0.0093089068989465028 -0.0011731384813488289 -0.0044860537802660187 -0.019635029418993408 -0.0115417174839857 -0.038475507916421486 -0.052661195291220417 0.006170770639871326 0.0096558922257218814 0.00031806722665262321 0.00017061933433724021 1.3101425712129029e-07 -0.00028439154747266475 0.00031747113322551243 0.026661153962278198 0.065897263645271764 0.098136153784459168 0.096679030469795119 -0.057615745805235867 -0.087812488791592466 -0.023035693795826376 -0.038918031731342229 -0.0053186788152762487 -0.060178886318265304 -0.17030823814303941 -0.27764293410532137 -0.21571810142757827 -0.045036134637405759 0.051425944297056471 0.00073291352818581396 -0.00038675195814754623 6.6027992400353707e-07 0.0013604026419774087 0.0048327883969888682 -0.16833075117902943 -0.61563606703479001 -0.95687671922554218 -1.2958730436956318 -0.76524034618727332 -0.84653123157334464 -0.078264711207998203 0.34473663160849466 -0.11158797133235809 -0.00044328691455137147 -0.53045903703639496 -0.71669453682283035 -1.0833947504717489 -1.4699544649463061 -1.4094255849593198 -0.032579470983590944 -0.017420903423330747 1.460422636918755e-06 0.006843307954421971 -0.051542806386987175 -0.16149816176664678 -0.45713310432411891 -3.0239187317891734 -2.3199445082254719 0.0060815419940372529 1.4109474376257811 2.1096501214443677 0.0088261660670811287 -0.51422813451683735 0.10850240565053426 -1.0332428249448495 -1.075772193790653 1.8675582594442159 0.17905484452603684 -1.3052978702164253 -0.24016297870534264 -0.039306456075292727 -1.6948425116568844e-05 -0.0159458350911196 -0.126798350210687 1.5906319364805144 0.11124574946148884 -0.80398727940200521 -1.4959770051785533 -0.84536096208977263 2.3583527055440783 1.5505336844100963 -2.0982450323181236 -1.2976012177563137 -0.13882622707862749 -1.5927552702773859 -1.645122356992152 3.9649188318609427 0.9382181083600758 -3.2650122918783029 -0.68699155369553311 -0.045357918068210171 -0.0001564332594657484 0.014027364535607068 -0.80522481284896463 -0.33924036703745125 -0.56511283715851512 -1.4417011556805921 -0.63508625432857635 -1.0269551726793977 -0.62193184184635963 -1.1962296038197657 -0.99232344219993218 -0.68286487531955986 -0.18283506749382242 -0.87059349969692279 -1.8456790219783239 -1.9363256179616624 -0.033068827155891989 -1.8201342466592161 -1.1332958355843226 -0.028979241310037943 -0.00084058601510214799 0.048455416849882658 -1.5953699488880426 -2.7301120869099016 -0.85333362563164172 -1.0749337654796041 0.09844314953219406 -0.7869506864409449 0.79435109106386392 -2.2714576943905156 -2.3135804416703749 -1.2247920567780317 -2.3155218427580571 1.5182152902053063 2.3022450249750546 -0.90198227722461877 -0.031190764202079592 0.055728956872777173 -2.5388052162788983 0.00082475004729051023 0.020446616450838534 -0.2519671074711568 -1.2420426506076405 -0.54955335986102527 -1.8676484707945744 -1.3517080122842522 0.2418414876637438 0.13768630122580267 -0.39260260607482134 -2.2098822707098198 -0.4876109271918988 0.66273485806388788 -0.81396007428700168 -1.9704930637329872 0.53235414823860638 -0.13690982221993594 -0.99629142968907725 -1.5821776680415851 -2.9838418829487896 -0.44696961682518294 0.042289327971047425 -0.48018963991685443 -0.22328662724192133 -0.74177776769767101 -0.90950903275773787 -0.41321817122964632 -0.23688068116788866 0.1996694732205353 0.47189632273592519 0.4617747389034163 1.0615356645144312 0.64964718892591267 0.95775601814612354 0.6943732501987091 0.15889723285367785 -1.4791804923616771 -0.20962458912098056 -0.23947481885994459 -2.1876696787857264 -0.12716785499134406 0.027762208731603528 -0.2646406044250606 0.74616422981957453 -1.5033223029054135 -2.4661528110735751 0.34713428739614816 -0.4560192457508796 0.53420142184101171 2.9673524810537137 2.9522870492074724 2.0708992046526791 2.404437042674636 -0.067188400727161202 1.330650028074029 -0.07423926943365361 0.11887628805596936 -0.27991412467239257 -1.5771055740322912 -1.6853713819326177 0.048499136237803338 0.0080868421106059553 -0.15972866549003556 0.50572062756924718 2.1667889492220969 0.68681002260768531 -0.49083293568910757 -0.96151157142773935 1.8926416495655836 1.3237870105954148 0.43667495333987622 -1.0635170548189983 0.18929074585572139 -1.8978201181360159 -1.1583890671732171 0.68161105277089995 0.92204741359061881 0.8500064228585158 -2.7956152085962027 -1.8724903147883454 -0.053358344746225264 0.022059986955456929 -0.18676370115514454 -2.3637781919474081 -2.8631017929454958 -1.4964353240730155 -2.0427215998332593 -0.43556167341847246 0.024255017207209038 0.11218590688577515 0.093111573137626968 0.88637748700679386 1.1654120977869245 -0.93906652023498138 -0.79608669345013983 -1.2399168613568678 -1.2391793420753543 2.2530060217462768 0.70800784831656072 -0.90084788717619013 -0.1172596602406205 0.017625339699993064 -0.24251742762150136 -0.90077226968449253 1.5432846500197754 0.65184264177257634 1.8883098950482049 -0.89885063134934329 -1.2535442757628867 1.3241583254039915 -1.4068116119722947 -1.3143563532237668 -2.5386226157321294 -1.367916528800553 1.2854026291213354 1.6875912158153754 -0.82459597261014583 1.2446890886231234 0.33804271552813031 -0.77076951217704337 -0.0381782094364213 0.0025042167297182239 -0.016273229769046667 -0.53545220119323367 -0.62967739489194419 -0.26151542805006672 -0.56878156565820748 -1.0280572030064385 -0.70306204418510898 -2.351497639123489 -2.1207392047953286 -1.0952009716216575 -1.9729784827838812 -1.3956314700905781 1.8778603012243189 -0.88493292596155237 -0.24714827869563988 2.2157452746951685 -1.2171962779745473 -0.68437181599783425 -0.040503341455533498 -0.00016199109214907987 0.018134979551255766 -0.16533622765579739 -1.2698328975661601 -1.1796250788574463 1.0299447201809615 -0.31559840909083225 -1.4679114093394252 -1.2273450615989909 -0.92300017179566618 -1.3075332024330322 -1.6904546071958602 -1.5859122172279205 -1.4319316269879538 -0.65844137869313668 0.57319144034342662 0.12305472089263594 -1.4208572362161338 -0.016008331974046715 -0.0081640999311462376 -1.2333108592419416e-05 -0.012090909698839747 0.084011107943921068 0.67406762636601469 -1.0133550407693839 -0.99379591644034826 -1.1922734166794806 -0.95899338818925983 -0.45496334988744241 -0.31378490583588009 -0.1826022600915489 -0.32482111829294913 -0.89380317429811329 0.26890486147765436 0.80607754802642362 0.19013192683805813 -0.59022321645893328 -0.44220700797676543 -0.012792925600243235 -0.0066033720976148361 9.4019732238457479e-06 -0.0060294218297002565 0.041015165636608231 0.36958129475505291 -0.9769704116968877 -1.3823722938313125 -0.70638021472346291 0.013082769175043711 -0.010730765167881535 -0.26886671738895607 -0.040645772316616695 -0.11666498116599139 -0.32926962950359878 0.52249475318561667 2.4560844447723786 2.7161012791300374 0.63020830144297579 -0.22658765387690311 -0.013476286037694041 0.00028782844953088719 -3.2892825011617737e-07 0.00077096704772100218 0.0026992643386084753 -0.096697445369239285 -0.37415878425329102 -0.13932056009321303 -0.16335438538729882 0.65444580374410688 0.49522669718884699 -0.13070551660534965 0.25837878010468912 0.033800251028825001 -0.10411350274545114 -0.0012616911343681617 0.52994089007931555 1.7253864454521703 0.45149669204330284 -0.045841727325316287 0.00077840493438845833 