# Created by Octave 6.4.0, Fri Dec 31 13:55:22 2021 -05 <pablo@pablo>
# name: lambda
# type: scalar
0.10000000000000001


